programa,-1,-1,1
prueba3@,-54,-2,1
var,-15,-1,2
m%,-52,-2,2
[,-71,-1,2
4,-61,-1,2
,,-76,-1,2
5,-61,-1,2
],-72,-1,2
,,-76,-1,2
p%,-52,-2,2
,,-76,-1,2
g%,-52,-2,2
[,-71,-1,2
8,-61,-1,2
,,-76,-1,2
3,-61,-1,2
],-72,-1,2
;,-75,-1,2
var,-15,-1,3
i&,-51,-2,3
,,-76,-1,3
nom$,-53,-2,4
,,-76,-1,3
j&,-51,-2,3
;,-76,-1,3
var,-15,-1,4
nom%,-53,-2,4
,,-76,-1,3
programa,-1,-1,1
prueba3@,-54,-2,1
var,-15,-1,2
m%,-52,-2,2
[,-71,-1,2
4,-61,-1,2
,,-76,-1,2
5,-61,-1,2
],-72,-1,2
,,-76,-1,2
p%,-52,-2,2
;,-75,-1,2
var,-15,-1,3
i&,-51,-2,3
,,-76,-1,3
j&,-51,-2,3
;,-76,-1,3
var,-15,-1,4
nom$,-53,-2,4
,,-76,-1,3
dir$,-53,-2,4
;,-75,-1,4
inicio,-2,-1,5
m%,-52,-2,6
[,-71,-1,6
1,-61,-1,6
,,-76,-1,6
1,-61,-1,6
],-72,-1,6
=,-26,-1,6
10.0,-62,-1,6
;,-76,-1,6
i&,-51,-2,7
=,-26,-1,7
1,-61,-1,7
;,-75,-1,7
j&,-51,-2,8
=,-26,-1,8
3,-61,-1,8
;,-75,-1,8
p%,-52,-2,9
=,-26,-1,9
m%,-52,-2,9
[,-71,-1,9
i&,-51,-2,9
,,-76,-1,9
j&,-51,-2,9
],-72,-1,9
*,-21,-1,9
i&,-51,-2,9
+,-24,-1,9
j&,-51,-2,9
;,-75,-1,9
fin,-3,-1,9